Diffusion time scales (D. Koester, Kiel 2020)
 log10(taudiff[yrs])    log10(qvz)

   EL              Teff[K]   log g = 7.500      log(qvz) including  0.00 Hp overshoot
    Z    5000    5250    5500    5750    6000    6250    6500    6750    7000    7250    7500    7750    8000    8250    8500    8750
 qcvz  -5.199  -5.701  -6.198  -6.607  -6.887  -7.085  -7.254  -7.416  -7.570  -7.723  -7.880  -8.037  -8.209  -8.398  -8.620  -8.875
   ----------------------------------------------------------------------------------------------------------------------------------
    2   6.647   6.303   5.966   5.690   5.506   5.379   5.274   5.173   5.077   4.985   4.890   4.792   4.688   4.570   4.430   4.270
    3   6.435   6.087   5.757   5.492   5.314   5.190   5.085   4.984   4.888   4.792   4.696   4.598   4.491   4.371   4.229   4.064
    4   6.426   6.076   5.743   5.475   5.295   5.170   5.065   4.966   4.871   4.776   4.682   4.585   4.478   4.360   4.218   4.054
    5   6.426   6.072   5.735   5.464   5.282   5.157   5.051   4.951   4.856   4.762   4.669   4.573   4.468   4.350   4.210   4.046
    6   6.447   6.089   5.747   5.473   5.290   5.164   5.058   4.958   4.863   4.769   4.675   4.581   4.477   4.360   4.221   4.058
    7   6.427   6.064   5.719   5.442   5.257   5.131   5.025   4.924   4.829   4.735   4.641   4.546   4.443   4.327   4.188   4.025
    8   6.408   6.041   5.693   5.414   5.228   5.101   4.994   4.893   4.798   4.704   4.610   4.515   4.411   4.295   4.157   3.994
    9   6.360   5.991   5.640   5.359   5.172   5.044   4.938   4.837   4.741   4.647   4.553   4.458   4.353   4.236   4.097   3.934
   10   6.369   5.997   5.642   5.359   5.171   5.043   4.936   4.834   4.739   4.644   4.550   4.454   4.350   4.233   4.093   3.930
   11   6.334   5.961   5.604   5.319   5.130   5.001   4.894   4.792   4.696   4.601   4.506   4.411   4.305   4.188   4.047   3.883
   12   6.336   5.961   5.602   5.315   5.125   4.996   4.887   4.785   4.689   4.594   4.498   4.403   4.297   4.179   4.038   3.873
   13   6.310   5.933   5.572   5.284   5.093   4.963   4.854   4.751   4.654   4.559   4.463   4.367   4.261   4.143   4.001   3.836
   14   6.314   5.936   5.573   5.284   5.092   4.961   4.851   4.748   4.651   4.555   4.459   4.362   4.256   4.137   3.995   3.829
   15   6.286   5.907   5.543   5.253   5.059   4.928   4.818   4.714   4.616   4.520   4.424   4.327   4.220   4.101   3.958   3.791
   16   6.289   5.909   5.544   5.252   5.058   4.925   4.815   4.710   4.612   4.516   4.419   4.322   4.215   4.095   3.952   3.785
   17   6.256   5.876   5.510   5.217   5.022   4.889   4.778   4.673   4.574   4.478   4.380   4.283   4.175   4.055   3.912   3.744
   18   6.213   5.833   5.466   5.172   4.976   4.842   4.731   4.626   4.527   4.430   4.332   4.234   4.126   4.006   3.862   3.694
   19   6.240   5.859   5.491   5.195   4.998   4.864   4.752   4.646   4.547   4.449   4.351   4.253   4.145   4.025   3.880   3.712
   20   6.243   5.861   5.492   5.195   4.997   4.862   4.750   4.643   4.544   4.446   4.348   4.249   4.141   4.020   3.876   3.707
   21   6.199   5.817   5.447   5.150   4.951   4.816   4.703   4.596   4.496   4.398   4.299   4.201   4.092   3.971   3.826   3.658
   22   6.180   5.798   5.427   5.129   4.930   4.794   4.681   4.574   4.473   4.375   4.276   4.177   4.068   3.947   3.802   3.633
   23   6.162   5.779   5.408   5.109   4.909   4.773   4.659   4.552   4.451   4.352   4.253   4.154   4.045   3.923   3.778   3.609
   24   6.163   5.780   5.408   5.108   4.908   4.771   4.657   4.549   4.448   4.349   4.249   4.150   4.041   3.919   3.774   3.605
   25   6.146   5.763   5.390   5.090   4.889   4.752   4.637   4.529   4.428   4.329   4.229   4.129   4.020   3.898   3.753   3.584
   26   6.148   5.765   5.391   5.090   4.888   4.751   4.636   4.527   4.426   4.326   4.226   4.127   4.017   3.895   3.750   3.581
   27   6.132   5.748   5.374   5.072   4.869   4.731   4.616   4.507   4.406   4.306   4.206   4.106   3.996   3.874   3.729   3.560
   28   6.142   5.758   5.383   5.080   4.878   4.739   4.624   4.515   4.413   4.313   4.212   4.113   4.003   3.881   3.735   3.566
   29   6.112   5.728   5.353   5.049   4.846   4.707   4.592   4.482   4.380   4.280   4.179   4.080   3.970   3.847   3.701   3.533
   30   6.107   5.722   5.346   5.042   4.839   4.700   4.584   4.474   4.372   4.271   4.170   4.070   3.960   3.838   3.692   3.523


   EL              Teff[K]   log g = 7.500      log(qvz) including  0.00 Hp overshoot
    Z    9000    9250    9500    9750   10000   10250   10500   10750   11000   11250   11500   11750   12000   12250   12500   12750
 qcvz  -9.177  -9.540  -9.970 -10.483 -11.091 -11.780 -12.540 -13.358 -14.569 -15.077 -15.191 -15.299 -15.339 -15.389 -15.440 -15.492
   ----------------------------------------------------------------------------------------------------------------------------------
    2   4.080   3.843   3.552   3.210   2.808   2.311   1.646   0.832  -0.128  -1.271  -1.562  -1.974  -2.018  -2.145  -2.291  -2.448
    3   3.868   3.606   3.194   2.615   2.079   1.621   1.093   0.468  -0.321  -0.652  -0.737  -0.815  -0.846  -0.884  -0.922  -0.962
    4   3.858   3.601   3.234   2.786   2.342   1.908   1.419   0.878   0.079  -0.351  -0.456  -0.570  -0.601  -0.647  -0.696  -0.747
    5   3.851   3.598   3.263   2.896   2.524   2.106   1.609   1.019  -0.085  -0.736  -0.851  -0.965  -0.997  -1.041  -1.087  -1.134
    6   3.863   3.614   3.293   2.926   2.511   2.016   1.472   0.847  -0.274  -0.886  -0.982  -1.072  -1.103  -1.142  -1.183  -1.224
    7   3.830   3.587   3.281   2.915   2.482   1.977   1.377   0.691  -0.495  -0.996  -1.084  -1.168  -1.198  -1.236  -1.276  -1.316
    8   3.799   3.555   3.243   2.834   2.337   1.780   1.201   0.545  -0.661  -1.069  -1.156  -1.239  -1.269  -1.308  -1.348  -1.389
    9   3.738   3.488   3.148   2.698   2.194   1.666   1.112   0.465  -0.774  -1.167  -1.261  -1.359  -1.389  -1.432  -1.477  -1.525
   10   3.733   3.484   3.144   2.682   2.149   1.602   0.994   0.366  -0.837  -1.260  -1.372  -1.517  -1.549  -1.606  -1.669  -1.739
   11   3.686   3.432   3.063   2.558   2.011   1.498   0.919   0.298  -0.881  -1.213  -1.297  -1.375  -1.406  -1.443  -1.482  -1.521
   12   3.676   3.415   2.999   2.424   1.922   1.474   0.947   0.360  -0.426  -0.768  -0.853  -0.936  -0.964  -1.002  -1.040  -1.080
   13   3.638   3.382   3.017   2.555   2.099   1.636   1.142   0.599  -0.385  -0.851  -0.945  -1.041  -1.070  -1.109  -1.151  -1.193
   14   3.631   3.373   3.023   2.610   2.191   1.747   1.227   0.629  -0.437  -0.883  -0.979  -1.083  -1.112  -1.156  -1.202  -1.250
   15   3.592   3.341   3.026   2.686   2.302   1.827   1.259   0.609  -0.499  -0.992  -1.103  -1.228  -1.259  -1.307  -1.359  -1.413
   16   3.585   3.338   3.041   2.705   2.297   1.799   1.217   0.551  -0.559  -1.137  -1.259  -1.390  -1.422  -1.470  -1.521  -1.573
   17   3.544   3.302   3.013   2.642   2.161   1.638   1.058   0.421  -0.646  -1.278  -1.395  -1.511  -1.542  -1.587  -1.633  -1.680
   18   3.493   3.250   2.961   2.605   2.154   1.640   1.023   0.365  -0.759  -1.414  -1.518  -1.614  -1.645  -1.685  -1.727  -1.770
   19   3.512   3.258   2.911   2.471   2.008   1.525   0.983   0.335  -0.802  -1.428  -1.520  -1.605  -1.636  -1.675  -1.714  -1.755
   20   3.506   3.265   2.975   2.594   2.092   1.542   0.953   0.302  -0.647  -0.986  -1.067  -1.144  -1.173  -1.210  -1.247  -1.285
   21   3.457   3.201   2.854   2.435   2.001   1.510   0.966   0.369  -0.590  -1.015  -1.101  -1.184  -1.213  -1.251  -1.290  -1.330
   22   3.432   3.177   2.832   2.432   2.026   1.560   0.989   0.376  -0.625  -1.051  -1.137  -1.221  -1.250  -1.288  -1.327  -1.367
   23   3.408   3.164   2.864   2.479   2.021   1.533   0.982   0.360  -0.658  -1.085  -1.172  -1.257  -1.287  -1.325  -1.365  -1.406
   24   3.403   3.154   2.831   2.448   2.025   1.541   0.985   0.352  -0.683  -1.106  -1.193  -1.281  -1.310  -1.349  -1.390  -1.432
   25   3.382   3.132   2.820   2.453   2.013   1.524   0.980   0.345  -0.726  -1.124  -1.211  -1.296  -1.326  -1.364  -1.404  -1.446
   26   3.379   3.133   2.830   2.464   2.029   1.527   0.960   0.325  -0.723  -1.153  -1.243  -1.336  -1.365  -1.405  -1.448  -1.492
   27   3.358   3.111   2.796   2.396   1.945   1.469   0.926   0.284  -0.780  -1.178  -1.269  -1.363  -1.392  -1.433  -1.476  -1.521
   28   3.364   3.118   2.800   2.382   1.920   1.449   0.903   0.265  -0.791  -1.194  -1.289  -1.390  -1.419  -1.461  -1.506  -1.553
   29   3.331   3.089   2.799   2.437   1.978   1.426   0.775   0.038  -0.866  -1.258  -1.351  -1.448  -1.478  -1.522  -1.569  -1.618
   30   3.322   3.079   2.784   2.407   1.928   1.346   0.676   0.019  -0.871  -1.264  -1.362  -1.469  -1.499  -1.542  -1.588  -1.635

   EL              Teff[K]   log g = 7.500      log(qvz) including  0.00 Hp overshoot
    Z   13000   13250   13500   13750   14000   14250   14500   14750   15000   15250   15500   15750   16000   16250   16500   16750
 qcvz -15.545 -15.598 -15.650 -15.701 -15.753 -15.813 -15.863 -15.913 -15.900 -15.886 -15.870 -15.854 -15.838 -15.860 -15.860 -15.796
   ----------------------------------------------------------------------------------------------------------------------------------
    2  -2.612  -2.780  -2.954  -3.119  -3.284  -3.508  -3.668  -3.831  -3.585  -3.353  -3.134  -2.928  -2.729  -2.736  -2.633  -2.237
    3  -1.002  -1.042  -1.082  -1.122  -1.162  -1.208  -1.248  -1.287  -1.277  -1.267  -1.257  -1.246  -1.236  -1.254  -1.256  -1.212
    4  -0.799  -0.852  -0.904  -0.956  -1.009  -1.075  -1.126  -1.177  -1.137  -1.099  -1.062  -1.026  -0.995  -1.009  -0.998  -0.916
    5  -1.180  -1.225  -1.270  -1.314  -1.357  -1.408  -1.449  -1.490  -1.476  -1.460  -1.443  -1.424  -1.405  -1.422  -1.417  -1.343
    6  -1.266  -1.307  -1.348  -1.389  -1.430  -1.478  -1.517  -1.557  -1.545  -1.532  -1.519  -1.506  -1.493  -1.510  -1.510  -1.457
    7  -1.357  -1.398  -1.439  -1.480  -1.522  -1.571  -1.611  -1.652  -1.636  -1.622  -1.608  -1.595  -1.582  -1.599  -1.600  -1.552
    8  -1.431  -1.473  -1.515  -1.556  -1.598  -1.648  -1.689  -1.731  -1.713  -1.696  -1.681  -1.666  -1.653  -1.670  -1.669  -1.620
    9  -1.573  -1.623  -1.674  -1.725  -1.777  -1.843  -1.896  -1.950  -1.905  -1.867  -1.835  -1.806  -1.782  -1.798  -1.792  -1.728
   10  -1.813  -1.891  -1.973  -2.054  -2.140  -2.258  -2.348  -2.442  -2.321  -2.217  -2.130  -2.056  -1.992  -2.005  -1.980  -1.861
   11  -1.561  -1.601  -1.641  -1.681  -1.721  -1.767  -1.806  -1.845  -1.835  -1.824  -1.813  -1.803  -1.793  -1.810  -1.812  -1.768
   12  -1.120  -1.162  -1.203  -1.244  -1.287  -1.337  -1.379  -1.420  -1.400  -1.381  -1.363  -1.347  -1.332  -1.348  -1.347  -1.297
   13  -1.237  -1.286  -1.335  -1.383  -1.433  -1.494  -1.543  -1.593  -1.556  -1.523  -1.492  -1.464  -1.439  -1.454  -1.447  -1.383
   14  -1.299  -1.349  -1.398  -1.447  -1.497  -1.559  -1.607  -1.656  -1.619  -1.584  -1.552  -1.521  -1.494  -1.508  -1.500  -1.428
   15  -1.468  -1.523  -1.577  -1.630  -1.683  -1.748  -1.798  -1.847  -1.812  -1.775  -1.738  -1.700  -1.664  -1.678  -1.664  -1.569
   16  -1.624  -1.675  -1.724  -1.772  -1.820  -1.876  -1.920  -1.964  -1.942  -1.919  -1.893  -1.866  -1.837  -1.853  -1.842  -1.748
   17  -1.726  -1.772  -1.817  -1.861  -1.905  -1.956  -1.997  -2.038  -2.022  -2.005  -1.987  -1.967  -1.947  -1.963  -1.958  -1.882
   18  -1.812  -1.855  -1.897  -1.939  -1.981  -2.030  -2.071  -2.111  -2.096  -2.082  -2.067  -2.052  -2.037  -2.054  -2.053  -1.996
   19  -1.795  -1.836  -1.876  -1.916  -1.956  -2.003  -2.042  -2.082  -2.071  -2.060  -2.048  -2.037  -2.026  -2.044  -2.045  -1.997
   20  -1.324  -1.363  -1.401  -1.440  -1.479  -1.526  -1.564  -1.603  -1.589  -1.576  -1.563  -1.551  -1.540  -1.557  -1.557  -1.512
   21  -1.370  -1.410  -1.450  -1.490  -1.530  -1.578  -1.618  -1.657  -1.642  -1.628  -1.614  -1.601  -1.588  -1.605  -1.605  -1.556
   22  -1.408  -1.448  -1.489  -1.529  -1.570  -1.619  -1.658  -1.699  -1.682  -1.666  -1.651  -1.637  -1.624  -1.640  -1.640  -1.591
   23  -1.447  -1.489  -1.530  -1.572  -1.614  -1.664  -1.705  -1.747  -1.727  -1.709  -1.692  -1.675  -1.661  -1.677  -1.676  -1.625
   24  -1.474  -1.517  -1.560  -1.603  -1.646  -1.698  -1.740  -1.783  -1.760  -1.739  -1.719  -1.701  -1.684  -1.700  -1.698  -1.644
   25  -1.488  -1.530  -1.572  -1.615  -1.657  -1.709  -1.751  -1.793  -1.771  -1.752  -1.733  -1.716  -1.700  -1.716  -1.715  -1.663
   26  -1.537  -1.582  -1.628  -1.673  -1.719  -1.775  -1.820  -1.866  -1.836  -1.809  -1.784  -1.762  -1.741  -1.757  -1.752  -1.693
   27  -1.566  -1.613  -1.659  -1.705  -1.752  -1.810  -1.856  -1.903  -1.871  -1.842  -1.816  -1.792  -1.770  -1.786  -1.781  -1.720
   28  -1.601  -1.649  -1.698  -1.747  -1.797  -1.859  -1.908  -1.957  -1.920  -1.886  -1.855  -1.826  -1.800  -1.815  -1.808  -1.740
   29  -1.669  -1.720  -1.772  -1.822  -1.873  -1.937  -1.986  -2.036  -1.998  -1.961  -1.927  -1.895  -1.866  -1.881  -1.871  -1.796
   30  -1.684  -1.733  -1.782  -1.831  -1.882  -1.946  -1.996  -2.046  -2.007  -1.971  -1.936  -1.905  -1.877  -1.892  -1.883  -1.811


   EL              Teff[K]   log g = 7.500      log(qvz) including  0.00 Hp overshoot
    Z   17000   17250   17500   17750   18000   18250   18500   18750   19000   19250   19500   19750   20000
 qcvz -15.773 -15.757 -15.749 -15.726 -15.711 -15.705 -15.682 -15.667 -15.662 -15.702 -15.627 -15.622 -15.661
   ----------------------------------------------------------------------------------------------------------
    2  -2.060  -1.922  -1.826  -1.681  -1.578  -1.510  -1.401  -1.326  -1.280  -1.340  -1.148  -1.116  -1.165
    3  -1.198  -1.189  -1.186  -1.172  -1.164  -1.163  -1.149  -1.142  -1.141  -1.171  -1.122  -1.122  -1.151
    4  -0.885  -0.862  -0.850  -0.823  -0.806  -0.798  -0.775  -0.762  -0.756  -0.788  -0.727  -0.723  -0.754
    5  -1.310  -1.283  -1.264  -1.224  -1.193  -1.173  -1.131  -1.100  -1.081  -1.122  -1.011  -0.994  -1.033
    6  -1.437  -1.421  -1.412  -1.388  -1.370  -1.360  -1.331  -1.310  -1.298  -1.335  -1.241  -1.226  -1.264
    7  -1.536  -1.525  -1.520  -1.503  -1.492  -1.488  -1.471  -1.459  -1.455  -1.487  -1.423  -1.417  -1.450
    8  -1.604  -1.594  -1.589  -1.573  -1.564  -1.561  -1.547  -1.538  -1.536  -1.567  -1.513  -1.511  -1.541
    9  -1.707  -1.692  -1.685  -1.667  -1.655  -1.651  -1.635  -1.625  -1.623  -1.653  -1.600  -1.598  -1.627
   10  -1.819  -1.790  -1.773  -1.743  -1.723  -1.714  -1.691  -1.677  -1.673  -1.705  -1.645  -1.642  -1.672
   11  -1.754  -1.745  -1.742  -1.728  -1.720  -1.718  -1.705  -1.698  -1.697  -1.726  -1.678  -1.677  -1.706
   12  -1.280  -1.269  -1.264  -1.248  -1.238  -1.235  -1.220  -1.212  -1.210  -1.239  -1.188  -1.187  -1.215
   13  -1.361  -1.346  -1.337  -1.316  -1.302  -1.296  -1.276  -1.262  -1.257  -1.288  -1.223  -1.217  -1.249
   14  -1.401  -1.382  -1.372  -1.349  -1.334  -1.328  -1.308  -1.296  -1.291  -1.322  -1.263  -1.259  -1.289
   15  -1.531  -1.503  -1.486  -1.453  -1.431  -1.420  -1.393  -1.376  -1.368  -1.401  -1.332  -1.326  -1.357
   16  -1.705  -1.671  -1.648  -1.604  -1.572  -1.553  -1.513  -1.486  -1.472  -1.509  -1.417  -1.406  -1.441
   17  -1.848  -1.819  -1.800  -1.759  -1.727  -1.707  -1.664  -1.633  -1.614  -1.656  -1.546  -1.530  -1.568
   18  -1.973  -1.955  -1.943  -1.914  -1.892  -1.878  -1.843  -1.816  -1.799  -1.840  -1.729  -1.710  -1.752
   19  -1.980  -1.968  -1.962  -1.942  -1.928  -1.921  -1.897  -1.879  -1.869  -1.906  -1.816  -1.803  -1.842
   20  -1.497  -1.487  -1.483  -1.468  -1.459  -1.457  -1.443  -1.435  -1.434  -1.463  -1.413  -1.412  -1.440
   21  -1.540  -1.528  -1.523  -1.506  -1.495  -1.490  -1.473  -1.461  -1.457  -1.488  -1.427  -1.422  -1.453
   22  -1.574  -1.563  -1.557  -1.540  -1.529  -1.525  -1.508  -1.497  -1.493  -1.524  -1.465  -1.460  -1.491
   23  -1.608  -1.596  -1.591  -1.574  -1.563  -1.559  -1.542  -1.532  -1.528  -1.559  -1.501  -1.497  -1.528
   24  -1.626  -1.613  -1.607  -1.590  -1.579  -1.575  -1.558  -1.548  -1.545  -1.575  -1.519  -1.515  -1.545
   25  -1.646  -1.634  -1.629  -1.612  -1.602  -1.598  -1.583  -1.574  -1.571  -1.601  -1.547  -1.545  -1.574
   26  -1.672  -1.657  -1.650  -1.631  -1.619  -1.614  -1.597  -1.586  -1.582  -1.613  -1.555  -1.552  -1.582
   27  -1.699  -1.684  -1.677  -1.658  -1.646  -1.642  -1.625  -1.615  -1.612  -1.642  -1.588  -1.585  -1.615
   28  -1.716  -1.699  -1.690  -1.669  -1.656  -1.650  -1.632  -1.621  -1.618  -1.648  -1.592  -1.590  -1.619
   29  -1.769  -1.749  -1.739  -1.716  -1.703  -1.698  -1.680  -1.669  -1.665  -1.695  -1.639  -1.636  -1.665
   30  -1.785  -1.766  -1.756  -1.733  -1.718  -1.711  -1.691  -1.679  -1.675  -1.706  -1.648  -1.646  -1.675
